Table Idle Check for 10 iterations:
Sensor 1 Calibration Data:
X: [-3.621863, -3.639724, -3.617922, -3.619632, -3.611907, -3.618043, -3.619632, -3.611908, -3.619418, -3.611876]
Y: [0.899389, 0.8889156, 0.9021679, 0.900977, 0.8973742, 0.9113582, 0.9069615, 0.9081218, 0.9039999, 0.9010987]
Z: [-3.58794, -3.566075, -3.590048, -3.563508, -3.577311, -3.567115, -3.575482, -3.567878, -3.567571, -3.56284]

Sensor 2 Calibration Data:
X: [-1.09371, -1.101648, -1.089069, -1.098015, -1.097222, -1.104457, -1.099847, -1.101343, -1.10568, -1.100214]
Y: [0.6949006, 0.701588, 0.6959084, 0.7018014, 0.7038473, 0.6796336, 0.7021373, 0.7035113, 0.702809, 0.7039698]
Z: [-0.1783512, -0.1738015, -0.1703511, -0.178687, -0.1557252, -0.1904732, -0.2279694, -0.176, -0.1791449, -0.2040304]

patient1 lean back state idle:
Sensor 1 Calibration Data:
X: [-3.689922, -3.706382, -3.641189, -3.676886, -3.574565, -3.619511, -3.683726, -3.652946, -3.640764, -3.61426]
Y: [0.9582293, 0.9964887, 0.9608246, 0.9042138, 1.220794, 1.113222, 1.04177, 1.000031, 1.050595, 1.153771]
Z: [-3.568456, -3.614135, -3.568244, -3.534747, -3.627724, -3.635999, -3.565465, -3.542565, -3.551266, -3.591816]

Sensor 2 Calibration Data:
X: [-1.326931, -1.229252, -1.355451, -1.289557, -1.193343, -1.251817, -1.34516, -1.298993, -1.270107, -1.302657]
Y: [0.9753284, 0.7792669, 0.9428399, 0.8726107, 0.772458, 0.8319698, 0.920916, 0.8967023, 0.8242748, 0.8899537]
Z: [-0.2690686, -0.3362745, -0.272061, -0.2950228, -0.2861982, -0.2998166, -0.2808853, -0.3055877, -0.2964887, -0.3069618]


patient1 slouch forward state idle:
Sensor 1 Calibration Data:
X: [-3.70638, -3.60919, -3.659021, -3.67948, -3.649496, -3.634928, -3.633313, -3.699172, -3.676518, -3.643145]
Y: [1.06113, 1.000244, 1.043969, 1.02226, 0.9921829, 1.052917, 1.014657, 1.179939, 1.031053, 1.032153]
Z: [-3.784122, -3.51545, -3.555968, -3.521283, -3.526535, -3.551206, -3.588395, -3.638378, -3.592089, -3.549832]

Sensor 2 Calibration Data:
X: [-1.308458, -1.298444, -1.212092, -1.229894, -1.227817, -1.232854, -1.17716, -1.184977, -1.222289, -1.267267]
Y: [0.8029612, 0.8012825, 0.8036339, 0.7974962, 0.812702, 0.7952976, 0.8224121, 0.7632057, 0.7981378, 0.8211293]
Z: [-0.2842442, -0.289374, -0.3199695, -0.2614351, -0.2821067, -0.3014961, -0.2440306, -0.278931, -0.3135266, -0.2548092]
